XCrySDen XSF file
Point 1:  0.10000  0.10000  2.85280
Point 2:  4.45000  4.45000  2.85280
500
 0.000000E+000  2.056115E+002
 5.615053E-002  2.056115E+002
 1.123011E-001  2.056115E+002
 1.684516E-001  2.056115E+002
 2.246021E-001  2.056115E+002
 2.807527E-001  2.056115E+002
 3.369032E-001  2.056115E+002
 3.930537E-001  2.056115E+002
 4.492043E-001  2.056115E+002
 5.053548E-001  2.056115E+002
 5.615054E-001  2.056115E+002
 6.176559E-001  2.056115E+002
 6.738064E-001  2.056115E+002
 7.299570E-001  2.056115E+002
 7.861075E-001  2.056115E+002
 8.422581E-001  2.056115E+002
 8.984085E-001  2.056115E+002
 9.545591E-001  2.056115E+002
 1.010710E+000  2.056115E+002
 1.066860E+000  2.056115E+002
 1.123011E+000  2.056115E+002
 1.179161E+000  2.056115E+002
 1.235312E+000  2.056115E+002
 1.291462E+000  2.056115E+002
 1.347613E+000  2.056115E+002
 1.403764E+000  2.056115E+002
 1.459914E+000  2.056115E+002
 1.516065E+000  2.056115E+002
 1.572215E+000  2.056115E+002
 1.628365E+000  2.056115E+002
 1.684516E+000  2.056115E+002
 1.740667E+000  2.056115E+002
 1.796817E+000  2.056115E+002
 1.852968E+000  2.056115E+002
 1.909118E+000  2.056115E+002
 1.965269E+000  2.056115E+002
 2.021419E+000  2.056115E+002
 2.077570E+000  2.056115E+002
 2.133720E+000  2.056115E+002
 2.189871E+000  2.056115E+002
 2.246022E+000  2.056115E+002
 2.302172E+000  2.056115E+002
 2.358323E+000  2.056115E+002
 2.414473E+000  2.056115E+002
 2.470623E+000  2.056115E+002
 2.526774E+000  2.056115E+002
 2.582925E+000  2.056115E+002
 2.639075E+000  2.056115E+002
 2.695226E+000  2.056115E+002
 2.751376E+000  2.056115E+002
 2.807527E+000  2.056115E+002
 2.863677E+000  2.056115E+002
 2.919828E+000  2.056115E+002
 2.975979E+000  2.056115E+002
 3.032129E+000  2.056115E+002
 3.088280E+000  2.056115E+002
 3.144430E+000  2.056115E+002
 3.200581E+000  2.056115E+002
 3.256731E+000  2.056115E+002
 3.312882E+000  2.056115E+002
 3.369032E+000  2.056115E+002
 3.425183E+000  2.056115E+002
 3.481333E+000  2.056115E+002
 3.537484E+000  2.056115E+002
 3.593634E+000  2.056115E+002
 3.649785E+000  2.056115E+002
 3.705936E+000  2.056115E+002
 3.762086E+000  2.056115E+002
 3.818237E+000  2.056115E+002
 3.874387E+000  2.056115E+002
 3.930538E+000  2.056115E+002
 3.986689E+000  2.056115E+002
 4.042839E+000  2.056115E+002
 4.098989E+000  2.056115E+002
 4.155140E+000  2.056115E+002
 4.211291E+000  2.056115E+002
 4.267441E+000  2.056115E+002
 4.323592E+000  2.056115E+002
 4.379742E+000  2.056115E+002
 4.435893E+000  2.056115E+002
 4.492043E+000  2.056115E+002
 4.548194E+000  2.056115E+002
 4.604344E+000  2.056115E+002
 4.660494E+000  2.056115E+002
 4.716645E+000  2.056115E+002
 4.772796E+000  2.056115E+002
 4.828947E+000  2.056115E+002
 4.885097E+000  2.056115E+002
 4.941247E+000  2.056115E+002
 4.997398E+000  2.056115E+002
 5.053549E+000  2.056115E+002
 5.109699E+000  2.056115E+002
 5.165850E+000  2.056115E+002
 5.222000E+000  2.056115E+002
 5.278151E+000  2.056115E+002
 5.334301E+000  2.056115E+002
 5.390451E+000  2.056115E+002
 5.446602E+000  2.056115E+002
 5.502753E+000  2.056115E+002
 5.558903E+000  2.056115E+002
 5.615054E+000  2.056115E+002
 5.671204E+000  2.056115E+002
 5.727355E+000  2.056115E+002
 5.783505E+000  2.056115E+002
 5.839656E+000  2.056115E+002
 5.895807E+000  2.056115E+002
 5.951957E+000  2.056115E+002
 6.008108E+000  2.056115E+002
 6.064258E+000  2.056115E+002
 6.120409E+000  2.056115E+002
 6.176559E+000  2.056115E+002
 6.232709E+000  2.056115E+002
 6.288860E+000  2.056115E+002
 6.345011E+000  2.056115E+002
 6.401161E+000  2.056115E+002
 6.457313E+000  2.056115E+002
 6.513462E+000  2.056115E+002
 6.569613E+000  2.056115E+002
 6.625764E+000  2.056115E+002
 6.681914E+000  2.056115E+002
 6.738065E+000  2.056115E+002
 6.794215E+000  2.056115E+002
 6.850366E+000  2.056115E+002
 6.906516E+000  2.056115E+002
 6.962667E+000  2.056115E+002
 7.018817E+000  2.056115E+002
 7.074968E+000  2.056115E+002
 7.131118E+000  2.056115E+002
 7.187269E+000  2.056115E+002
 7.243419E+000  2.056115E+002
 7.299571E+000  2.056115E+002
 7.355720E+000  2.056115E+002
 7.411871E+000  2.056115E+002
 7.468022E+000  2.056115E+002
 7.524172E+000  2.056115E+002
 7.580323E+000  2.056115E+002
 7.636473E+000  2.056115E+002
 7.692624E+000  2.056115E+002
 7.748775E+000  2.056115E+002
 7.804924E+000  2.056115E+002
 7.861075E+000  2.056115E+002
 7.917226E+000  2.056115E+002
 7.973377E+000  2.056115E+002
 8.029527E+000  2.056115E+002
 8.085677E+000  2.056115E+002
 8.141829E+000  2.056115E+002
 8.197979E+000  2.056115E+002
 8.254129E+000  2.056115E+002
 8.310280E+000  2.056115E+002
 8.366430E+000  2.056115E+002
 8.422582E+000  2.056115E+002
 8.478731E+000  2.056115E+002
 8.534883E+000  2.056115E+002
 8.591033E+000  2.056115E+002
 8.647183E+000  2.056115E+002
 8.703334E+000  2.056115E+002
 8.759484E+000  2.056115E+002
 8.815635E+000  2.056115E+002
 8.871785E+000  2.056115E+002
 8.927936E+000  2.056115E+002
 8.984086E+000  2.056115E+002
 9.040236E+000  2.056115E+002
 9.096388E+000  2.056115E+002
 9.152537E+000  2.056115E+002
 9.208688E+000  2.056115E+002
 9.264839E+000  2.056115E+002
 9.320989E+000  2.056115E+002
 9.377140E+000  2.056115E+002
 9.433290E+000  2.056115E+002
 9.489441E+000  2.056115E+002
 9.545591E+000  2.056115E+002
 9.601742E+000  2.056115E+002
 9.657893E+000  2.056115E+002
 9.714044E+000  2.056115E+002
 9.770193E+000  2.056115E+002
 9.826344E+000  2.056115E+002
 9.882495E+000  2.056115E+002
 9.938646E+000  2.056115E+002
 9.994796E+000  2.056115E+002
 1.005095E+001  2.056115E+002
 1.010710E+001  2.056115E+002
 1.016325E+001  2.056115E+002
 1.021940E+001  2.056115E+002
 1.027555E+001  2.056115E+002
 1.033170E+001  2.056115E+002
 1.038785E+001  2.056115E+002
 1.044400E+001  2.056115E+002
 1.050015E+001  2.056115E+002
 1.055630E+001  2.056115E+002
 1.061245E+001  2.056115E+002
 1.066860E+001  2.056115E+002
 1.072475E+001  2.056115E+002
 1.078090E+001  2.056115E+002
 1.083705E+001  2.056115E+002
 1.089320E+001  2.056115E+002
 1.094936E+001  2.056115E+002
 1.100551E+001  2.056115E+002
 1.106166E+001  2.056115E+002
 1.111781E+001  2.056115E+002
 1.117396E+001  2.056115E+002
 1.123011E+001  2.056115E+002
 1.128626E+001  2.056115E+002
 1.134241E+001  2.056115E+002
 1.139856E+001  2.056115E+002
 1.145471E+001  2.056115E+002
 1.151086E+001  2.056115E+002
 1.156701E+001  2.056115E+002
 1.162316E+001  2.056115E+002
 1.167931E+001  2.056115E+002
 1.173546E+001  2.056115E+002
 1.179161E+001  2.056115E+002
 1.184776E+001  2.056115E+002
 1.190391E+001  2.056115E+002
 1.196006E+001  2.056115E+002
 1.201622E+001  2.056115E+002
 1.207237E+001  2.056115E+002
 1.212852E+001  2.056115E+002
 1.218467E+001  2.056115E+002
 1.224082E+001  2.056115E+002
 1.229697E+001  2.056115E+002
 1.235312E+001  2.056115E+002
 1.240927E+001  2.056115E+002
 1.246542E+001  2.056115E+002
 1.252157E+001  2.056115E+002
 1.257772E+001  2.056115E+002
 1.263387E+001  2.056115E+002
 1.269002E+001  2.056115E+002
 1.274617E+001  2.056115E+002
 1.280232E+001  2.056115E+002
 1.285847E+001  2.056115E+002
 1.291462E+001  2.056115E+002
 1.297077E+001  2.056115E+002
 1.302692E+001  2.056115E+002
 1.308307E+001  2.056115E+002
 1.313923E+001  2.056115E+002
 1.319538E+001  2.056115E+002
 1.325153E+001  2.056115E+002
 1.330768E+001  2.056115E+002
 1.336383E+001  2.056115E+002
 1.341998E+001  2.056115E+002
 1.347613E+001  2.056115E+002
 1.353228E+001  2.056115E+002
 1.358843E+001  2.056115E+002
 1.364458E+001  2.056115E+002
 1.370073E+001  2.056115E+002
 1.375688E+001  2.056115E+002
 1.381303E+001  2.056115E+002
 1.386918E+001  2.056115E+002
 1.392533E+001  2.056115E+002
 1.398148E+001  2.056115E+002
 1.403763E+001  2.056115E+002
 1.409378E+001  2.056115E+002
 1.414993E+001  2.056115E+002
 1.420608E+001  2.056115E+002
 1.426224E+001  2.056115E+002
 1.431839E+001  2.056115E+002
 1.437454E+001  2.056115E+002
 1.443069E+001  2.056115E+002
 1.448684E+001  2.056115E+002
 1.454299E+001  2.056115E+002
 1.459914E+001  2.056115E+002
 1.465529E+001  2.056115E+002
 1.471144E+001  2.056115E+002
 1.476759E+001  2.056115E+002
 1.482374E+001  2.056115E+002
 1.487989E+001  2.056115E+002
 1.493604E+001  2.056115E+002
 1.499219E+001  2.056115E+002
 1.504834E+001  2.056115E+002
 1.510449E+001  2.056115E+002
 1.516064E+001  2.056115E+002
 1.521679E+001  2.056115E+002
 1.527295E+001  2.056115E+002
 1.532910E+001  2.056115E+002
 1.538525E+001  2.056115E+002
 1.544140E+001  2.056115E+002
 1.549755E+001  2.056115E+002
 1.555370E+001  2.056115E+002
 1.560985E+001  2.056115E+002
 1.566600E+001  2.056115E+002
 1.572215E+001  2.056115E+002
 1.577830E+001  2.056115E+002
 1.583445E+001  2.056115E+002
 1.589060E+001  2.056115E+002
 1.594675E+001  2.056115E+002
 1.600290E+001  2.056115E+002
 1.605905E+001  2.056115E+002
 1.611520E+001  2.056115E+002
 1.617135E+001  2.056115E+002
 1.622750E+001  2.056115E+002
 1.628366E+001  2.056115E+002
 1.633981E+001  2.056115E+002
 1.639596E+001  2.056115E+002
 1.645211E+001  2.056115E+002
 1.650826E+001  2.056115E+002
 1.656441E+001  2.056115E+002
 1.662056E+001  2.056115E+002
 1.667671E+001  2.056115E+002
 1.673286E+001  2.056115E+002
 1.678901E+001  2.056115E+002
 1.684516E+001  2.056115E+002
 1.690131E+001  2.056115E+002
 1.695746E+001  2.056115E+002
 1.701361E+001  2.056115E+002
 1.706976E+001  2.056115E+002
 1.712591E+001  2.056115E+002
 1.718206E+001  2.056115E+002
 1.723821E+001  2.056115E+002
 1.729436E+001  2.056115E+002
 1.735052E+001  2.056115E+002
 1.740667E+001  2.056115E+002
 1.746282E+001  2.056115E+002
 1.751897E+001  2.056115E+002
 1.757512E+001  2.056115E+002
 1.763127E+001  2.056115E+002
 1.768742E+001  2.056115E+002
 1.774357E+001  2.056115E+002
 1.779972E+001  2.056115E+002
 1.785587E+001  2.056115E+002
 1.791202E+001  2.056115E+002
 1.796817E+001  2.056115E+002
 1.802432E+001  2.056115E+002
 1.808047E+001  2.056115E+002
 1.813662E+001  2.056115E+002
 1.819278E+001  2.056115E+002
 1.824892E+001  2.056115E+002
 1.830507E+001  2.056115E+002
 1.836123E+001  2.056115E+002
 1.841738E+001  2.056115E+002
 1.847353E+001  2.056115E+002
 1.852968E+001  2.056115E+002
 1.858583E+001  2.056115E+002
 1.864198E+001  2.056115E+002
 1.869813E+001  2.056115E+002
 1.875428E+001  2.056115E+002
 1.881043E+001  2.056115E+002
 1.886658E+001  2.056115E+002
 1.892273E+001  2.056115E+002
 1.897888E+001  2.056115E+002
 1.903503E+001  2.056115E+002
 1.909118E+001  2.056115E+002
 1.914733E+001  2.056115E+002
 1.920348E+001  2.056115E+002
 1.925963E+001  2.056115E+002
 1.931578E+001  2.056115E+002
 1.937193E+001  2.056115E+002
 1.942809E+001  2.056115E+002
 1.948424E+001  2.056115E+002
 1.954039E+001  2.056115E+002
 1.959654E+001  2.056115E+002
 1.965269E+001  2.056115E+002
 1.970884E+001  2.056115E+002
 1.976499E+001  2.056115E+002
 1.982114E+001  2.056115E+002
 1.987729E+001  2.056115E+002
 1.993344E+001  2.056115E+002
 1.998959E+001  2.056115E+002
 2.004574E+001  2.056115E+002
 2.010189E+001  2.056115E+002
 2.015804E+001  2.056115E+002
 2.021419E+001  2.056115E+002
 2.027034E+001  2.056115E+002
 2.032649E+001  2.056115E+002
 2.038264E+001  2.056115E+002
 2.043880E+001  2.056115E+002
 2.049495E+001  2.056115E+002
 2.055110E+001  2.056115E+002
 2.060725E+001  2.056115E+002
 2.066340E+001  2.056115E+002
 2.071955E+001  2.056115E+002
 2.077570E+001  2.056115E+002
 2.083185E+001  2.056115E+002
 2.088800E+001  2.056115E+002
 2.094415E+001  2.056115E+002
 2.100030E+001  2.056115E+002
 2.105645E+001  2.056115E+002
 2.111260E+001  2.056115E+002
 2.116875E+001  2.056115E+002
 2.122490E+001  2.056115E+002
 2.128105E+001  2.056115E+002
 2.133720E+001  2.056115E+002
 2.139335E+001  2.056115E+002
 2.144950E+001  2.056115E+002
 2.150565E+001  2.056115E+002
 2.156181E+001  2.056115E+002
 2.161796E+001  2.056115E+002
 2.167411E+001  2.056115E+002
 2.173026E+001  2.056115E+002
 2.178641E+001  2.056115E+002
 2.184256E+001  2.056115E+002
 2.189871E+001  2.056115E+002
 2.195486E+001  2.056115E+002
 2.201101E+001  2.056115E+002
 2.206716E+001  2.056115E+002
 2.212331E+001  2.056115E+002
 2.217946E+001  2.056115E+002
 2.223561E+001  2.056115E+002
 2.229176E+001  2.056115E+002
 2.234791E+001  2.056115E+002
 2.240406E+001  2.056115E+002
 2.246021E+001  2.056115E+002
 2.251637E+001  2.056115E+002
 2.257252E+001  2.056115E+002
 2.262867E+001  2.056115E+002
 2.268482E+001  2.056115E+002
 2.274097E+001  2.056115E+002
 2.279712E+001  2.056115E+002
 2.285327E+001  2.056115E+002
 2.290942E+001  2.056115E+002
 2.296557E+001  2.056115E+002
 2.302172E+001  2.056115E+002
 2.307787E+001  2.056115E+002
 2.313402E+001  2.056115E+002
 2.319017E+001  2.056115E+002
 2.324632E+001  2.056115E+002
 2.330247E+001  2.056115E+002
 2.335862E+001  2.056115E+002
 2.341477E+001  2.056115E+002
 2.347092E+001  2.056115E+002
 2.352707E+001  2.056115E+002
 2.358323E+001  2.056115E+002
 2.363938E+001  2.056115E+002
 2.369553E+001  2.056115E+002
 2.375168E+001  2.056115E+002
 2.380783E+001  2.056115E+002
 2.386398E+001  2.056115E+002
 2.392013E+001  2.056115E+002
 2.397628E+001  2.056115E+002
 2.403243E+001  2.056115E+002
 2.408858E+001  2.056115E+002
 2.414473E+001  2.056115E+002
 2.420088E+001  2.056115E+002
 2.425703E+001  2.056115E+002
 2.431318E+001  2.056115E+002
 2.436933E+001  2.056115E+002
 2.442548E+001  2.056115E+002
 2.448163E+001  2.056115E+002
 2.453778E+001  2.056115E+002
 2.459394E+001  2.056115E+002
 2.465008E+001  2.056115E+002
 2.470624E+001  2.056115E+002
 2.476239E+001  2.056115E+002
 2.481854E+001  2.056115E+002
 2.487469E+001  2.056115E+002
 2.493084E+001  2.056115E+002
 2.498699E+001  2.056115E+002
 2.504314E+001  2.056115E+002
 2.509929E+001  2.056115E+002
 2.515544E+001  2.056115E+002
 2.521159E+001  2.056115E+002
 2.526774E+001  2.056115E+002
 2.532389E+001  2.056115E+002
 2.538004E+001  2.056115E+002
 2.543619E+001  2.056115E+002
 2.549234E+001  2.056115E+002
 2.554850E+001  2.056115E+002
 2.560465E+001  2.056115E+002
 2.566080E+001  2.056115E+002
 2.571695E+001  2.056115E+002
 2.577309E+001  2.056115E+002
 2.582925E+001  2.056115E+002
 2.588540E+001  2.056115E+002
 2.594155E+001  2.056115E+002
 2.599770E+001  2.056115E+002
 2.605385E+001  2.056115E+002
 2.611000E+001  2.056115E+002
 2.616615E+001  2.056115E+002
 2.622230E+001  2.056115E+002
 2.627845E+001  2.056115E+002
 2.633460E+001  2.056115E+002
 2.639075E+001  2.056115E+002
 2.644690E+001  2.056115E+002
 2.650305E+001  2.056115E+002
 2.655920E+001  2.056115E+002
 2.661535E+001  2.056115E+002
 2.667150E+001  2.056115E+002
 2.672766E+001  2.056115E+002
 2.678381E+001  2.056115E+002
 2.683996E+001  2.056115E+002
 2.689611E+001  2.056115E+002
 2.695226E+001  2.056115E+002
 2.700841E+001  2.056115E+002
 2.706456E+001  2.056115E+002
 2.712071E+001  2.056115E+002
 2.717686E+001  2.056115E+002
 2.723301E+001  2.056115E+002
 2.728916E+001  2.056115E+002
 2.734531E+001  2.056115E+002
 2.740146E+001  2.056115E+002
 2.745761E+001  2.056115E+002
 2.751376E+001  2.056115E+002
 2.756991E+001  2.056115E+002
 2.762606E+001  2.056115E+002
 2.768222E+001  2.056115E+002
 2.773837E+001  2.056115E+002
 2.779452E+001  2.056115E+002
 2.785066E+001  2.056115E+002
 2.790681E+001  2.056115E+002
 2.796297E+001  2.056115E+002
 2.801912E+001  2.056115E+002
